0.81213E-010
0.81210E-010
0.81201E-010
0.81187E-010
0.81166E-010
0.81140E-010
0.81109E-010
0.81071E-010
0.81028E-010
0.80979E-010
0.80925E-010
0.80865E-010
0.80800E-010
0.80729E-010
0.80654E-010
0.80572E-010
0.80486E-010
0.80395E-010
0.80299E-010
0.80198E-010
0.80092E-010
0.79982E-010
0.79867E-010
0.79748E-010
0.79625E-010
0.79497E-010
0.79366E-010
0.79231E-010
0.79093E-010
0.78951E-010
0.78806E-010
0.78659E-010
0.78508E-010
0.78356E-010
0.78398E-010
0.78809E-010
0.80436E-010
0.84367E-010
0.96436E-010
0.99452E-010
0.99417E-010
0.99526E-010
0.99510E-010
0.99470E-010
0.99407E-010
0.99320E-010
0.99210E-010
0.99078E-010
0.98924E-010
0.98747E-010
0.98549E-010
0.98330E-010
0.98089E-010
0.97828E-010
0.97547E-010
0.97247E-010
0.96927E-010
0.96588E-010
0.96231E-010
0.95857E-010
0.95465E-010
0.95056E-010
0.94630E-010
0.94189E-010
0.93733E-010
0.93262E-010
0.92776E-010
0.92276E-010
0.91763E-010
0.91238E-010
0.90700E-010
0.90150E-010
0.89589E-010
0.89017E-010
0.88435E-010
0.87844E-010
0.87242E-010
0.86633E-010
0.86014E-010
0.85388E-010
0.84755E-010
0.84115E-010
0.83468E-010
0.82815E-010
0.82157E-010
0.81493E-010
0.80825E-010
0.80153E-010
0.79476E-010
0.78796E-010
0.78113E-010
0.77428E-010
0.76739E-010
0.76049E-010
0.75358E-010
0.74664E-010
0.73970E-010
0.73275E-010
0.72580E-010
0.71885E-010
0.71190E-010
0.70495E-010
0.69801E-010
0.69109E-010
0.68417E-010
0.67727E-010
0.67039E-010
0.66352E-010
0.65668E-010
0.64986E-010
0.64307E-010
0.63631E-010
0.62957E-010
0.62287E-010
0.61620E-010
0.60956E-010
0.60296E-010
0.59640E-010
0.58987E-010
0.58339E-010
0.57694E-010
0.57054E-010
0.56419E-010
0.55787E-010
0.55160E-010
0.54538E-010
0.53921E-010
0.53308E-010
0.52700E-010
0.52097E-010
0.51499E-010
0.50906E-010
0.50318E-010
0.49735E-010
0.49158E-010
0.48585E-010
0.48018E-010
0.47456E-010
0.46900E-010
0.46348E-010
0.45802E-010
0.45262E-010
0.44726E-010
0.44197E-010
0.43672E-010
0.43153E-010
0.42639E-010
0.42130E-010
0.41627E-010
0.41129E-010
0.40637E-010
0.40150E-010
0.39668E-010
0.39192E-010
0.38720E-010
0.38254E-010
0.37793E-010
0.37338E-010
0.36887E-010
0.36442E-010
0.36002E-010
0.35567E-010
0.35137E-010
0.34712E-010
0.34292E-010
0.33877E-010
0.33466E-010
0.33061E-010
0.32661E-010
0.32265E-010
0.31874E-010
0.31488E-010
0.31106E-010
0.30730E-010
0.30357E-010
0.29990E-010
0.29627E-010
0.29268E-010
0.28914E-010
0.28564E-010
0.28219E-010
0.27877E-010
0.27540E-010
0.27208E-010
0.26879E-010
0.26555E-010
0.26235E-010
0.25918E-010
0.25606E-010
0.25298E-010
0.24994E-010
0.24693E-010
0.24396E-010
0.24104E-010
0.23814E-010
0.23529E-010
0.23247E-010
0.22969E-010
0.22694E-010
0.22423E-010
0.22156E-010
0.21892E-010
0.21631E-010
0.21373E-010
0.21119E-010
0.20869E-010
0.20621E-010
0.20377E-010
0.20136E-010
0.19897E-010
0.19662E-010
0.19431E-010
0.19202E-010
0.18976E-010
0.18753E-010
0.18532E-010
0.18315E-010
0.18101E-010
0.17889E-010
0.17680E-010
0.17474E-010
0.17270E-010
0.17069E-010
0.16871E-010
0.16675E-010
0.16481E-010
0.16291E-010
0.16102E-010
0.15917E-010
0.15733E-010
0.15552E-010
0.15373E-010
0.15197E-010
0.15023E-010
0.14851E-010
0.14681E-010
0.14513E-010
0.14348E-010
0.14185E-010
0.14024E-010
0.13865E-010
0.13708E-010
0.13553E-010
0.13399E-010
0.13248E-010
0.13099E-010
0.12952E-010
0.12807E-010
0.12663E-010
0.12522E-010
0.12382E-010
0.12244E-010
0.12107E-010
0.11973E-010
0.11840E-010
0.11709E-010
0.11579E-010
0.11451E-010
0.11325E-010
0.11200E-010
0.11077E-010
0.10956E-010
0.10836E-010
0.10717E-010
0.10600E-010
0.10485E-010
0.10370E-010
0.10258E-010
0.10146E-010
0.10037E-010
0.99281E-011
0.98210E-011
0.97152E-011
0.96107E-011
0.95075E-011
0.94056E-011
0.93049E-011
0.92055E-011
0.91073E-011
0.90104E-011
0.89146E-011
0.88200E-011
0.87266E-011
0.86343E-011
0.85431E-011
0.84531E-011
0.83642E-011
0.82763E-011
0.81896E-011
0.81039E-011
0.80192E-011
0.79356E-011
0.78529E-011
0.77713E-011
0.76907E-011
0.76110E-011
0.75323E-011
0.74546E-011
0.73778E-011
0.73019E-011
0.72269E-011
0.71528E-011
0.70796E-011
0.70073E-011
0.69358E-011
0.68652E-011
0.67955E-011
0.67265E-011
0.66584E-011
0.65911E-011
0.65246E-011
0.64589E-011
0.63939E-011
0.63297E-011
0.62663E-011
0.62036E-011
0.61417E-011
0.60804E-011
0.60199E-011
0.59601E-011
0.59010E-011
0.58426E-011
0.57849E-011
0.57278E-011
0.56714E-011
0.56156E-011
0.55605E-011
0.55060E-011
0.54522E-011
0.53990E-011
0.53464E-011
0.52943E-011
0.52429E-011
0.51921E-011
0.51418E-011
0.50922E-011
0.50431E-011
0.49945E-011
0.49465E-011
0.48990E-011
0.48521E-011
0.48057E-011
0.47598E-011
0.47145E-011
0.46697E-011
0.46253E-011
0.45815E-011
0.45381E-011
0.44952E-011
0.44529E-011
0.44109E-011
0.43695E-011
0.43285E-011
0.42879E-011
0.42479E-011
0.42082E-011
0.41690E-011
0.41302E-011
0.40919E-011
0.40539E-011
0.40164E-011
0.39793E-011
0.39426E-011
0.39063E-011
0.38704E-011
0.38349E-011
0.37998E-011
0.37650E-011
0.37307E-011
0.36967E-011
0.36630E-011
0.36298E-011
0.35969E-011
0.35643E-011
0.35321E-011
0.35002E-011
0.34687E-011
0.34375E-011
0.34067E-011
0.33761E-011
0.33459E-011
0.33161E-011
0.32865E-011
0.32573E-011
0.32283E-011
0.31997E-011
0.31713E-011
0.31433E-011
0.31156E-011
0.30881E-011
0.30609E-011
0.30341E-011
0.30074E-011
0.29811E-011
0.29551E-011
0.29293E-011
0.29038E-011
0.28785E-011
0.28535E-011
0.28288E-011
0.28043E-011
0.27801E-011
0.27561E-011
0.27324E-011
0.27089E-011
0.26857E-011
0.26627E-011
0.26399E-011
0.26173E-011
0.25950E-011
0.25729E-011
0.25511E-011
0.25294E-011
0.25080E-011
0.24868E-011
0.24658E-011
0.24450E-011
0.24244E-011
0.24041E-011
0.23839E-011
0.23639E-011
0.23442E-011
0.23246E-011
0.23052E-011
0.22860E-011
0.22670E-011
0.22482E-011
0.22296E-011
0.22112E-011
0.21929E-011
0.21748E-011
0.21570E-011
0.21392E-011
0.21217E-011
0.21043E-011
0.20871E-011
0.20701E-011
0.20532E-011
0.20365E-011
0.20199E-011
0.20035E-011
0.19873E-011
0.19712E-011
0.19553E-011
0.19396E-011
0.19239E-011
0.19085E-011
0.18932E-011
0.18780E-011
0.18630E-011
0.18481E-011
0.18334E-011
0.18188E-011
0.18043E-011
0.17900E-011
0.17758E-011
0.17617E-011
0.17478E-011
0.17340E-011
0.17204E-011
0.17068E-011
0.16934E-011
0.16802E-011
0.16670E-011
0.16540E-011
0.16411E-011
0.16283E-011
0.16156E-011
0.16031E-011
0.15906E-011
0.15783E-011
0.15661E-011
0.15540E-011
0.15420E-011
0.15302E-011
0.15184E-011
0.15067E-011
0.14952E-011
0.14838E-011
0.14724E-011
0.14612E-011
0.14501E-011
0.14390E-011
0.14281E-011
0.14173E-011
0.14065E-011
0.13959E-011
0.13854E-011
0.13749E-011
0.13646E-011
0.13543E-011
0.13441E-011
0.13341E-011
0.13241E-011
0.13142E-011
0.13044E-011
0.12947E-011
0.12850E-011
0.12755E-011
0.12660E-011
0.12566E-011
0.12473E-011
0.12381E-011
0.12290E-011
0.12200E-011
0.12110E-011
0.12021E-011
0.11933E-011
0.11845E-011
0.11759E-011
0.11673E-011
0.11588E-011
0.11504E-011
0.11420E-011
0.11337E-011
0.11255E-011
0.11173E-011
0.11093E-011
0.11013E-011
0.10933E-011
0.10855E-011
0.10777E-011
0.10699E-011
0.10622E-011
0.10546E-011
0.10471E-011
0.10396E-011
0.10322E-011
0.10249E-011
0.10176E-011
0.10104E-011
0.10032E-011
0.99613E-012
0.98909E-012
0.98211E-012
0.97519E-012
0.96833E-012
0.96153E-012
0.95478E-012
0.94809E-012
0.94146E-012
0.93488E-012
0.92836E-012
0.92189E-012
0.91547E-012
0.90911E-012
0.90280E-012
0.89655E-012
0.89034E-012
0.88419E-012
0.87809E-012
0.87204E-012
0.86604E-012
0.86008E-012
0.85418E-012
0.84833E-012
0.84252E-012
0.83676E-012
0.83105E-012
0.82538E-012
0.81977E-012
0.81419E-012
0.80867E-012
0.80318E-012
0.79774E-012
0.79235E-012
0.78700E-012
0.78169E-012
0.77643E-012
0.77121E-012
0.76603E-012
0.76089E-012
0.75579E-012
0.75074E-012
0.74572E-012
0.74075E-012
0.73581E-012
0.73091E-012
0.72606E-012
0.72124E-012
0.71646E-012
0.71172E-012
0.70701E-012
0.70234E-012
0.69771E-012
0.69312E-012
0.68856E-012
0.68404E-012
0.67955E-012
0.67510E-012
0.67069E-012
0.66631E-012
0.66196E-012
0.65765E-012
0.65337E-012
0.64912E-012
0.64491E-012
0.64073E-012
0.63658E-012
0.63246E-012
0.62838E-012
0.62433E-012
0.62031E-012
0.61632E-012
0.61236E-012
0.60843E-012
0.60453E-012
0.60066E-012
0.59683E-012
0.59302E-012
0.58924E-012
0.58548E-012
0.58176E-012
0.57807E-012
0.57440E-012
0.57076E-012
0.56715E-012
0.56357E-012
0.56001E-012
0.55648E-012
0.55298E-012
0.54951E-012
0.54606E-012
0.54263E-012
0.53923E-012
0.53586E-012
0.53251E-012
0.52919E-012
0.52589E-012
0.52262E-012
0.51937E-012
0.51615E-012
0.51295E-012
0.50977E-012
0.50662E-012
0.50349E-012
0.50038E-012
0.49730E-012
0.49424E-012
0.49120E-012
0.48818E-012
0.48519E-012
0.48222E-012
0.47927E-012
0.47634E-012
0.47343E-012
0.47055E-012
0.46768E-012
0.46484E-012
0.46202E-012
0.45922E-012
0.45644E-012
0.45367E-012
0.45093E-012
0.44821E-012
0.44551E-012
0.44283E-012
0.44016E-012
0.43752E-012
0.43490E-012
0.43229E-012
0.42970E-012
0.42713E-012
0.42458E-012
0.42205E-012
0.41954E-012
0.41704E-012
0.41456E-012
0.41210E-012
0.40966E-012
0.40724E-012
0.40483E-012
0.40244E-012
0.40006E-012
0.39770E-012
0.39536E-012
0.39304E-012
0.39073E-012
0.38844E-012
0.38616E-012
0.38391E-012
0.38166E-012
0.37943E-012
0.37722E-012
0.37502E-012
0.37284E-012
0.37068E-012
0.36853E-012
0.36639E-012
0.36427E-012
0.36216E-012
0.36007E-012
0.35799E-012
0.35593E-012
0.35388E-012
0.35185E-012
0.34982E-012
0.34782E-012
0.34582E-012
0.34385E-012
0.34188E-012
0.33993E-012
0.33799E-012
0.33606E-012
0.33415E-012
0.33225E-012
0.33037E-012
0.32849E-012
0.32663E-012
0.32478E-012
0.32295E-012
0.32112E-012
0.31931E-012
0.31751E-012
0.31573E-012
0.31395E-012
0.31219E-012
0.31044E-012
0.30870E-012
0.30698E-012
0.30526E-012
0.30356E-012
0.30186E-012
0.30018E-012
0.29851E-012
0.29685E-012
0.29521E-012
0.29357E-012
0.29194E-012
0.29033E-012
0.28872E-012
0.28713E-012
0.28555E-012
0.28397E-012
0.28241E-012
0.28086E-012
0.27932E-012
0.27779E-012
0.27626E-012
0.27475E-012
0.27325E-012
0.27176E-012
0.27028E-012
0.26880E-012
0.26734E-012
0.26589E-012
0.26445E-012
0.26301E-012
0.26159E-012
0.26017E-012
0.25876E-012
0.25737E-012
0.25598E-012
0.25460E-012
0.25323E-012
0.25187E-012
0.25051E-012
0.24917E-012
0.24784E-012
0.24651E-012
0.24519E-012
0.24388E-012
0.24258E-012
0.24129E-012
0.24000E-012
0.23872E-012
0.23746E-012
0.23620E-012
0.23494E-012
0.23370E-012
0.23246E-012
0.23123E-012
0.23001E-012
0.22880E-012
0.22759E-012
0.22640E-012
0.22521E-012
0.22402E-012
0.22285E-012
0.22168E-012
0.22052E-012
0.21937E-012
0.21822E-012
0.21708E-012
0.21595E-012
0.21483E-012
0.21371E-012
0.21260E-012
0.21149E-012
0.21040E-012
0.20931E-012
0.20822E-012
0.20715E-012
0.20608E-012
0.20501E-012
0.20396E-012
0.20291E-012
0.20186E-012
0.20083E-012
0.19980E-012
0.19877E-012
0.19775E-012
0.19674E-012
0.19574E-012
0.19474E-012
0.19374E-012
0.19276E-012
0.19178E-012
0.19080E-012
0.18983E-012
0.18887E-012
0.18791E-012
0.18696E-012
0.18601E-012
0.18507E-012
0.18414E-012
0.18321E-012
0.18229E-012
0.18137E-012
0.18046E-012
0.17955E-012
0.17865E-012
0.17775E-012
0.17686E-012
0.17598E-012
0.17510E-012
0.17423E-012
0.17336E-012
0.17249E-012
0.17163E-012
0.17078E-012
0.16993E-012
0.16909E-012
0.16825E-012
0.16742E-012
0.16659E-012
0.16577E-012
0.16495E-012
0.16413E-012
0.16332E-012
0.16252E-012
0.16172E-012
0.16093E-012
0.16014E-012
0.15935E-012
0.15857E-012
0.15779E-012
0.15702E-012
0.15626E-012
0.15549E-012
0.15473E-012
0.15398E-012
0.15323E-012
0.15249E-012
0.15175E-012
0.15101E-012
0.15028E-012
0.14955E-012
0.14883E-012
0.14811E-012
0.14739E-012
0.14668E-012
0.14598E-012
0.14527E-012
0.14457E-012
0.14388E-012
0.14319E-012
0.14250E-012
0.14182E-012
0.14114E-012
0.14047E-012
0.13980E-012
0.13913E-012
0.13847E-012
0.13781E-012
0.13715E-012
0.13650E-012
0.13585E-012
0.13521E-012
0.13456E-012
0.13393E-012
0.13329E-012
0.13266E-012
0.13204E-012
0.13141E-012
0.13079E-012
0.13018E-012
0.12957E-012
0.12896E-012
0.12835E-012
0.12775E-012
0.12715E-012
0.12656E-012
0.12596E-012
0.12538E-012
0.12479E-012
0.12421E-012
0.12363E-012
0.12305E-012
0.12248E-012
0.12191E-012
0.12135E-012
0.12078E-012
0.12022E-012
0.11967E-012
0.11911E-012
0.11856E-012
0.11802E-012
0.11747E-012
0.11693E-012
0.11639E-012
0.11586E-012
0.11532E-012
0.11479E-012
0.11427E-012
0.11374E-012
0.11322E-012
0.11271E-012
0.11219E-012
0.11168E-012
0.11117E-012
0.11066E-012
0.11016E-012
0.10966E-012
0.10916E-012
0.10866E-012
0.10817E-012
0.10768E-012
0.10719E-012
0.10671E-012
0.10623E-012
0.10575E-012
0.10527E-012
0.10479E-012
0.10432E-012
0.10385E-012
0.10339E-012
0.10292E-012
0.10246E-012
0.10200E-012
0.10154E-012
0.10109E-012
0.10064E-012
0.10019E-012
0.99740E-013
0.99296E-013
0.98853E-013
0.98413E-013
0.97976E-013
0.97540E-013
0.97107E-013
0.96677E-013
0.96248E-013
0.95822E-013
0.95398E-013
0.94977E-013
0.94557E-013
0.94140E-013
0.93725E-013
0.93313E-013
0.92902E-013
0.92494E-013
0.92088E-013
0.91683E-013
0.91282E-013
0.90882E-013
0.90484E-013
0.90088E-013
0.89695E-013
0.89303E-013
0.88914E-013
0.88526E-013
0.88141E-013
0.87758E-013
0.87376E-013
0.86997E-013
0.86619E-013
0.86244E-013
0.85871E-013
0.85499E-013
0.85129E-013
0.84762E-013
0.84396E-013
0.84032E-013
0.83670E-013
0.83310E-013
0.82952E-013
0.82595E-013
0.82241E-013
0.81888E-013
0.81537E-013
0.81188E-013
0.80840E-013
0.80495E-013
0.80151E-013
0.79809E-013
0.79469E-013
0.79130E-013
0.78794E-013
0.78458E-013
0.78125E-013
0.77793E-013
0.77463E-013
0.77135E-013
0.76809E-013
0.76484E-013
0.76160E-013
0.75839E-013
0.75519E-013
0.75200E-013
0.74883E-013
0.74568E-013
0.74254E-013
0.73942E-013
0.73632E-013
0.73323E-013
0.73016E-013
0.72710E-013
0.72406E-013
0.72103E-013
0.71802E-013
0.71502E-013
0.71204E-013
0.70907E-013
