-0.12091E-005
-0.12091E-005
-0.12089E-005
-0.12087E-005
-0.12084E-005
-0.12080E-005
-0.12076E-005
-0.12070E-005
-0.12064E-005
-0.12056E-005
-0.12048E-005
-0.12039E-005
-0.12030E-005
-0.12019E-005
-0.12008E-005
-0.11996E-005
-0.11983E-005
-0.11969E-005
-0.11955E-005
-0.11940E-005
-0.11924E-005
-0.11908E-005
-0.11891E-005
-0.11873E-005
-0.11855E-005
-0.11836E-005
-0.11816E-005
-0.11796E-005
-0.11776E-005
-0.11754E-005
-0.11733E-005
-0.11711E-005
-0.11689E-005
-0.11666E-005
-0.11672E-005
-0.11733E-005
-0.11976E-005
-0.12561E-005
-0.14358E-005
-0.14807E-005
-0.14801E-005
-0.14818E-005
-0.14815E-005
-0.14809E-005
-0.14800E-005
-0.14787E-005
-0.14771E-005
-0.14751E-005
-0.14728E-005
-0.14702E-005
-0.14672E-005
-0.14640E-005
-0.14604E-005
-0.14565E-005
-0.14523E-005
-0.14478E-005
-0.14431E-005
-0.14380E-005
-0.14327E-005
-0.14271E-005
-0.14213E-005
-0.14152E-005
-0.14089E-005
-0.14023E-005
-0.13955E-005
-0.13885E-005
-0.13813E-005
-0.13738E-005
-0.13662E-005
-0.13584E-005
-0.13504E-005
-0.13422E-005
-0.13338E-005
-0.13253E-005
-0.13166E-005
-0.13078E-005
-0.12989E-005
-0.12898E-005
-0.12806E-005
-0.12713E-005
-0.12619E-005
-0.12523E-005
-0.12427E-005
-0.12330E-005
-0.12232E-005
-0.12133E-005
-0.12033E-005
-0.11933E-005
-0.11833E-005
-0.11731E-005
-0.11630E-005
-0.11528E-005
-0.11425E-005
-0.11322E-005
-0.11219E-005
-0.11116E-005
-0.11013E-005
-0.10909E-005
-0.10806E-005
-0.10702E-005
-0.10599E-005
-0.10496E-005
-0.10392E-005
-0.10289E-005
-0.10186E-005
-0.10083E-005
-0.99809E-006
-0.98787E-006
-0.97768E-006
-0.96753E-006
-0.95742E-006
-0.94735E-006
-0.93732E-006
-0.92734E-006
-0.91741E-006
-0.90753E-006
-0.89770E-006
-0.88793E-006
-0.87822E-006
-0.86856E-006
-0.85897E-006
-0.84944E-006
-0.83997E-006
-0.83057E-006
-0.82124E-006
-0.81198E-006
-0.80279E-006
-0.79366E-006
-0.78461E-006
-0.77564E-006
-0.76673E-006
-0.75790E-006
-0.74915E-006
-0.74047E-006
-0.73187E-006
-0.72335E-006
-0.71491E-006
-0.70654E-006
-0.69826E-006
-0.69005E-006
-0.68192E-006
-0.67387E-006
-0.66590E-006
-0.65801E-006
-0.65020E-006
-0.64247E-006
-0.63482E-006
-0.62725E-006
-0.61976E-006
-0.61235E-006
-0.60501E-006
-0.59776E-006
-0.59059E-006
-0.58349E-006
-0.57648E-006
-0.56954E-006
-0.56268E-006
-0.55589E-006
-0.54919E-006
-0.54256E-006
-0.53600E-006
-0.52953E-006
-0.52312E-006
-0.51680E-006
-0.51054E-006
-0.50436E-006
-0.49826E-006
-0.49222E-006
-0.48626E-006
-0.48037E-006
-0.47455E-006
-0.46880E-006
-0.46312E-006
-0.45751E-006
-0.45197E-006
-0.44650E-006
-0.44109E-006
-0.43575E-006
-0.43048E-006
-0.42527E-006
-0.42012E-006
-0.41505E-006
-0.41003E-006
-0.40508E-006
-0.40019E-006
-0.39536E-006
-0.39059E-006
-0.38588E-006
-0.38123E-006
-0.37664E-006
-0.37211E-006
-0.36764E-006
-0.36322E-006
-0.35886E-006
-0.35455E-006
-0.35031E-006
-0.34611E-006
-0.34197E-006
-0.33788E-006
-0.33384E-006
-0.32986E-006
-0.32593E-006
-0.32205E-006
-0.31821E-006
-0.31443E-006
-0.31070E-006
-0.30701E-006
-0.30337E-006
-0.29978E-006
-0.29624E-006
-0.29274E-006
-0.28929E-006
-0.28588E-006
-0.28251E-006
-0.27919E-006
-0.27591E-006
-0.27268E-006
-0.26948E-006
-0.26633E-006
-0.26322E-006
-0.26015E-006
-0.25712E-006
-0.25413E-006
-0.25117E-006
-0.24826E-006
-0.24538E-006
-0.24254E-006
-0.23974E-006
-0.23697E-006
-0.23424E-006
-0.23154E-006
-0.22888E-006
-0.22625E-006
-0.22366E-006
-0.22110E-006
-0.21857E-006
-0.21608E-006
-0.21362E-006
-0.21119E-006
-0.20879E-006
-0.20642E-006
-0.20408E-006
-0.20177E-006
-0.19949E-006
-0.19725E-006
-0.19503E-006
-0.19283E-006
-0.19067E-006
-0.18853E-006
-0.18642E-006
-0.18434E-006
-0.18229E-006
-0.18026E-006
-0.17825E-006
-0.17627E-006
-0.17432E-006
-0.17239E-006
-0.17049E-006
-0.16861E-006
-0.16675E-006
-0.16492E-006
-0.16311E-006
-0.16132E-006
-0.15956E-006
-0.15782E-006
-0.15610E-006
-0.15440E-006
-0.15272E-006
-0.15106E-006
-0.14943E-006
-0.14781E-006
-0.14622E-006
-0.14464E-006
-0.14309E-006
-0.14155E-006
-0.14003E-006
-0.13853E-006
-0.13705E-006
-0.13559E-006
-0.13415E-006
-0.13272E-006
-0.13131E-006
-0.12992E-006
-0.12855E-006
-0.12719E-006
-0.12585E-006
-0.12453E-006
-0.12322E-006
-0.12193E-006
-0.12065E-006
-0.11939E-006
-0.11815E-006
-0.11692E-006
-0.11570E-006
-0.11450E-006
-0.11331E-006
-0.11214E-006
-0.11099E-006
-0.10984E-006
-0.10871E-006
-0.10760E-006
-0.10649E-006
-0.10540E-006
-0.10433E-006
-0.10326E-006
-0.10221E-006
-0.10117E-006
-0.10015E-006
-0.99132E-007
-0.98130E-007
-0.97140E-007
-0.96161E-007
-0.95194E-007
-0.94239E-007
-0.93294E-007
-0.92361E-007
-0.91439E-007
-0.90527E-007
-0.89626E-007
-0.88736E-007
-0.87856E-007
-0.86986E-007
-0.86126E-007
-0.85277E-007
-0.84437E-007
-0.83607E-007
-0.82786E-007
-0.81975E-007
-0.81174E-007
-0.80381E-007
-0.79598E-007
-0.78823E-007
-0.78058E-007
-0.77301E-007
-0.76553E-007
-0.75813E-007
-0.75082E-007
-0.74359E-007
-0.73645E-007
-0.72938E-007
-0.72239E-007
-0.71549E-007
-0.70866E-007
-0.70191E-007
-0.69523E-007
-0.68863E-007
-0.68210E-007
-0.67565E-007
-0.66926E-007
-0.66295E-007
-0.65671E-007
-0.65054E-007
-0.64444E-007
-0.63840E-007
-0.63243E-007
-0.62653E-007
-0.62069E-007
-0.61492E-007
-0.60921E-007
-0.60356E-007
-0.59798E-007
-0.59245E-007
-0.58699E-007
-0.58158E-007
-0.57624E-007
-0.57095E-007
-0.56572E-007
-0.56055E-007
-0.55543E-007
-0.55037E-007
-0.54536E-007
-0.54041E-007
-0.53551E-007
-0.53066E-007
-0.52587E-007
-0.52112E-007
-0.51643E-007
-0.51179E-007
-0.50719E-007
-0.50265E-007
-0.49815E-007
-0.49370E-007
-0.48930E-007
-0.48495E-007
-0.48064E-007
-0.47637E-007
-0.47216E-007
-0.46798E-007
-0.46385E-007
-0.45976E-007
-0.45572E-007
-0.45172E-007
-0.44776E-007
-0.44384E-007
-0.43996E-007
-0.43612E-007
-0.43232E-007
-0.42856E-007
-0.42484E-007
-0.42116E-007
-0.41752E-007
-0.41391E-007
-0.41034E-007
-0.40681E-007
-0.40331E-007
-0.39985E-007
-0.39642E-007
-0.39303E-007
-0.38968E-007
-0.38635E-007
-0.38306E-007
-0.37981E-007
-0.37659E-007
-0.37340E-007
-0.37024E-007
-0.36711E-007
-0.36402E-007
-0.36095E-007
-0.35792E-007
-0.35492E-007
-0.35195E-007
-0.34900E-007
-0.34609E-007
-0.34321E-007
-0.34035E-007
-0.33752E-007
-0.33472E-007
-0.33195E-007
-0.32921E-007
-0.32649E-007
-0.32380E-007
-0.32113E-007
-0.31849E-007
-0.31588E-007
-0.31329E-007
-0.31073E-007
-0.30820E-007
-0.30568E-007
-0.30320E-007
-0.30073E-007
-0.29829E-007
-0.29588E-007
-0.29348E-007
-0.29111E-007
-0.28877E-007
-0.28644E-007
-0.28414E-007
-0.28186E-007
-0.27960E-007
-0.27736E-007
-0.27515E-007
-0.27296E-007
-0.27078E-007
-0.26863E-007
-0.26650E-007
-0.26438E-007
-0.26229E-007
-0.26022E-007
-0.25817E-007
-0.25613E-007
-0.25412E-007
-0.25212E-007
-0.25015E-007
-0.24819E-007
-0.24625E-007
-0.24433E-007
-0.24242E-007
-0.24054E-007
-0.23867E-007
-0.23682E-007
-0.23498E-007
-0.23317E-007
-0.23137E-007
-0.22958E-007
-0.22781E-007
-0.22606E-007
-0.22433E-007
-0.22261E-007
-0.22090E-007
-0.21922E-007
-0.21754E-007
-0.21589E-007
-0.21424E-007
-0.21262E-007
-0.21101E-007
-0.20941E-007
-0.20782E-007
-0.20625E-007
-0.20470E-007
-0.20316E-007
-0.20163E-007
-0.20012E-007
-0.19862E-007
-0.19713E-007
-0.19566E-007
-0.19420E-007
-0.19275E-007
-0.19132E-007
-0.18990E-007
-0.18849E-007
-0.18709E-007
-0.18571E-007
-0.18434E-007
-0.18298E-007
-0.18163E-007
-0.18029E-007
-0.17897E-007
-0.17766E-007
-0.17636E-007
-0.17507E-007
-0.17379E-007
-0.17252E-007
-0.17127E-007
-0.17002E-007
-0.16879E-007
-0.16756E-007
-0.16635E-007
-0.16515E-007
-0.16396E-007
-0.16278E-007
-0.16160E-007
-0.16044E-007
-0.15929E-007
-0.15815E-007
-0.15702E-007
-0.15590E-007
-0.15478E-007
-0.15368E-007
-0.15259E-007
-0.15150E-007
-0.15043E-007
-0.14936E-007
-0.14831E-007
-0.14726E-007
-0.14622E-007
-0.14519E-007
-0.14417E-007
-0.14315E-007
-0.14215E-007
-0.14115E-007
-0.14017E-007
-0.13919E-007
-0.13822E-007
-0.13725E-007
-0.13630E-007
-0.13535E-007
-0.13441E-007
-0.13348E-007
-0.13256E-007
-0.13164E-007
-0.13073E-007
-0.12983E-007
-0.12894E-007
-0.12805E-007
-0.12717E-007
-0.12630E-007
-0.12544E-007
-0.12458E-007
-0.12373E-007
-0.12289E-007
-0.12205E-007
-0.12122E-007
-0.12040E-007
-0.11958E-007
-0.11877E-007
-0.11797E-007
-0.11717E-007
-0.11638E-007
-0.11560E-007
-0.11482E-007
-0.11405E-007
-0.11328E-007
-0.11252E-007
-0.11177E-007
-0.11102E-007
-0.11028E-007
-0.10955E-007
-0.10882E-007
-0.10810E-007
-0.10738E-007
-0.10667E-007
-0.10596E-007
-0.10526E-007
-0.10457E-007
-0.10388E-007
-0.10319E-007
-0.10251E-007
-0.10184E-007
-0.10117E-007
-0.10051E-007
-0.99854E-008
-0.99201E-008
-0.98554E-008
-0.97912E-008
-0.97275E-008
-0.96643E-008
-0.96015E-008
-0.95393E-008
-0.94776E-008
-0.94163E-008
-0.93555E-008
-0.92952E-008
-0.92353E-008
-0.91759E-008
-0.91170E-008
-0.90585E-008
-0.90004E-008
-0.89428E-008
-0.88857E-008
-0.88290E-008
-0.87727E-008
-0.87168E-008
-0.86614E-008
-0.86064E-008
-0.85518E-008
-0.84977E-008
-0.84439E-008
-0.83906E-008
-0.83376E-008
-0.82851E-008
-0.82329E-008
-0.81812E-008
-0.81298E-008
-0.80788E-008
-0.80282E-008
-0.79780E-008
-0.79282E-008
-0.78787E-008
-0.78296E-008
-0.77809E-008
-0.77325E-008
-0.76845E-008
-0.76369E-008
-0.75896E-008
-0.75426E-008
-0.74960E-008
-0.74498E-008
-0.74039E-008
-0.73583E-008
-0.73131E-008
-0.72682E-008
-0.72236E-008
-0.71794E-008
-0.71355E-008
-0.70919E-008
-0.70486E-008
-0.70056E-008
-0.69630E-008
-0.69207E-008
-0.68787E-008
-0.68369E-008
-0.67955E-008
-0.67544E-008
-0.67136E-008
-0.66731E-008
-0.66328E-008
-0.65929E-008
-0.65533E-008
-0.65139E-008
-0.64748E-008
-0.64360E-008
-0.63975E-008
-0.63593E-008
-0.63213E-008
-0.62836E-008
-0.62462E-008
-0.62090E-008
-0.61721E-008
-0.61355E-008
-0.60991E-008
-0.60630E-008
-0.60272E-008
-0.59916E-008
-0.59562E-008
-0.59211E-008
-0.58863E-008
-0.58517E-008
-0.58173E-008
-0.57832E-008
-0.57493E-008
-0.57157E-008
-0.56823E-008
-0.56491E-008
-0.56162E-008
-0.55835E-008
-0.55510E-008
-0.55187E-008
-0.54867E-008
-0.54549E-008
-0.54233E-008
-0.53919E-008
-0.53608E-008
-0.53299E-008
-0.52992E-008
-0.52687E-008
-0.52384E-008
-0.52083E-008
-0.51784E-008
-0.51487E-008
-0.51193E-008
-0.50900E-008
-0.50609E-008
-0.50321E-008
-0.50034E-008
-0.49749E-008
-0.49466E-008
-0.49186E-008
-0.48907E-008
-0.48630E-008
-0.48354E-008
-0.48081E-008
-0.47810E-008
-0.47540E-008
-0.47272E-008
-0.47006E-008
-0.46742E-008
-0.46480E-008
-0.46219E-008
-0.45960E-008
-0.45703E-008
-0.45448E-008
-0.45194E-008
-0.44942E-008
-0.44692E-008
-0.44443E-008
-0.44196E-008
-0.43951E-008
-0.43707E-008
-0.43465E-008
-0.43225E-008
-0.42986E-008
-0.42749E-008
-0.42513E-008
-0.42279E-008
-0.42046E-008
-0.41815E-008
-0.41585E-008
-0.41357E-008
-0.41131E-008
-0.40906E-008
-0.40682E-008
-0.40460E-008
-0.40240E-008
-0.40020E-008
-0.39803E-008
-0.39586E-008
-0.39371E-008
-0.39158E-008
-0.38946E-008
-0.38735E-008
-0.38525E-008
-0.38317E-008
-0.38111E-008
-0.37905E-008
-0.37701E-008
-0.37499E-008
-0.37297E-008
-0.37097E-008
-0.36898E-008
-0.36701E-008
-0.36504E-008
-0.36309E-008
-0.36116E-008
-0.35923E-008
-0.35732E-008
-0.35542E-008
-0.35353E-008
-0.35165E-008
-0.34979E-008
-0.34794E-008
-0.34610E-008
-0.34427E-008
-0.34245E-008
-0.34064E-008
-0.33885E-008
-0.33706E-008
-0.33529E-008
-0.33353E-008
-0.33178E-008
-0.33004E-008
-0.32832E-008
-0.32660E-008
-0.32489E-008
-0.32320E-008
-0.32151E-008
-0.31984E-008
-0.31817E-008
-0.31652E-008
-0.31488E-008
-0.31324E-008
-0.31162E-008
-0.31001E-008
-0.30841E-008
-0.30681E-008
-0.30523E-008
-0.30366E-008
-0.30209E-008
-0.30054E-008
-0.29900E-008
-0.29746E-008
-0.29594E-008
-0.29442E-008
-0.29292E-008
-0.29142E-008
-0.28993E-008
-0.28845E-008
-0.28698E-008
-0.28552E-008
-0.28407E-008
-0.28263E-008
-0.28119E-008
-0.27977E-008
-0.27835E-008
-0.27694E-008
-0.27554E-008
-0.27415E-008
-0.27277E-008
-0.27139E-008
-0.27003E-008
-0.26867E-008
-0.26732E-008
-0.26598E-008
-0.26465E-008
-0.26332E-008
-0.26200E-008
-0.26069E-008
-0.25939E-008
-0.25810E-008
-0.25681E-008
-0.25553E-008
-0.25426E-008
-0.25300E-008
-0.25174E-008
-0.25050E-008
-0.24926E-008
-0.24802E-008
-0.24680E-008
-0.24558E-008
-0.24437E-008
-0.24316E-008
-0.24196E-008
-0.24077E-008
-0.23959E-008
-0.23841E-008
-0.23725E-008
-0.23608E-008
-0.23493E-008
-0.23378E-008
-0.23264E-008
-0.23150E-008
-0.23037E-008
-0.22925E-008
-0.22814E-008
-0.22703E-008
-0.22592E-008
-0.22483E-008
-0.22374E-008
-0.22266E-008
-0.22158E-008
-0.22051E-008
-0.21944E-008
-0.21838E-008
-0.21733E-008
-0.21629E-008
-0.21525E-008
-0.21421E-008
-0.21318E-008
-0.21216E-008
-0.21115E-008
-0.21013E-008
-0.20913E-008
-0.20813E-008
-0.20714E-008
-0.20615E-008
-0.20517E-008
-0.20419E-008
-0.20322E-008
-0.20226E-008
-0.20130E-008
-0.20034E-008
-0.19939E-008
-0.19845E-008
-0.19751E-008
-0.19658E-008
-0.19565E-008
-0.19473E-008
-0.19381E-008
-0.19290E-008
-0.19199E-008
-0.19109E-008
-0.19020E-008
-0.18931E-008
-0.18842E-008
-0.18754E-008
-0.18666E-008
-0.18579E-008
-0.18492E-008
-0.18406E-008
-0.18320E-008
-0.18235E-008
-0.18151E-008
-0.18066E-008
-0.17982E-008
-0.17899E-008
-0.17816E-008
-0.17734E-008
-0.17652E-008
-0.17570E-008
-0.17489E-008
-0.17409E-008
-0.17329E-008
-0.17249E-008
-0.17170E-008
-0.17091E-008
-0.17012E-008
-0.16935E-008
-0.16857E-008
-0.16780E-008
-0.16703E-008
-0.16627E-008
-0.16551E-008
-0.16476E-008
-0.16401E-008
-0.16326E-008
-0.16252E-008
-0.16178E-008
-0.16105E-008
-0.16032E-008
-0.15959E-008
-0.15887E-008
-0.15815E-008
-0.15744E-008
-0.15673E-008
-0.15602E-008
-0.15532E-008
-0.15462E-008
-0.15392E-008
-0.15323E-008
-0.15254E-008
-0.15186E-008
-0.15118E-008
-0.15050E-008
-0.14983E-008
-0.14916E-008
-0.14850E-008
-0.14783E-008
-0.14718E-008
-0.14652E-008
-0.14587E-008
-0.14522E-008
-0.14458E-008
-0.14393E-008
-0.14330E-008
-0.14266E-008
-0.14203E-008
-0.14140E-008
-0.14078E-008
-0.14016E-008
-0.13954E-008
-0.13893E-008
-0.13831E-008
-0.13771E-008
-0.13710E-008
-0.13650E-008
-0.13590E-008
-0.13531E-008
-0.13471E-008
-0.13413E-008
-0.13354E-008
-0.13296E-008
-0.13238E-008
-0.13180E-008
-0.13123E-008
-0.13066E-008
-0.13009E-008
-0.12952E-008
-0.12896E-008
-0.12840E-008
-0.12785E-008
-0.12729E-008
-0.12674E-008
-0.12620E-008
-0.12565E-008
-0.12511E-008
-0.12457E-008
-0.12403E-008
-0.12350E-008
-0.12297E-008
-0.12244E-008
-0.12192E-008
-0.12139E-008
-0.12087E-008
-0.12036E-008
-0.11984E-008
-0.11933E-008
-0.11882E-008
-0.11832E-008
-0.11781E-008
-0.11731E-008
-0.11681E-008
-0.11631E-008
-0.11582E-008
-0.11533E-008
-0.11484E-008
-0.11435E-008
-0.11387E-008
-0.11339E-008
-0.11291E-008
-0.11243E-008
-0.11196E-008
-0.11149E-008
-0.11102E-008
-0.11055E-008
-0.11009E-008
-0.10963E-008
-0.10917E-008
-0.10871E-008
-0.10825E-008
-0.10780E-008
-0.10735E-008
-0.10690E-008
-0.10645E-008
-0.10601E-008
-0.10557E-008
