3.358354501469275E-005
3.358354501469275E-005
3.358354501469276E-005
3.358354501469277E-005
3.358354501469275E-005
3.358354501469276E-005
3.358354501469275E-005
3.358354501469275E-005
3.358354501469276E-005
3.358354501469275E-005
3.358354501469275E-005
3.358354501469277E-005
3.358354501469276E-005
3.358354501469275E-005
3.358354501469275E-005
3.358354501469276E-005
3.358354501469276E-005
3.358354501469276E-005
3.358354501469275E-005
3.358354501469275E-005
3.358354501469275E-005
3.358354501469275E-005
3.358354501469275E-005
3.358354501469275E-005
3.358354501469231E-005
3.358354501467213E-005
3.358354501408097E-005
3.358354500225391E-005
3.358354483175035E-005
3.358354298060542E-005
3.358352727390846E-005
3.358341981542431E-005
3.358281109028619E-005
3.357989084145408E-005
3.356783756611922E-005
3.352446826282182E-005
3.338884796489775E-005
3.302397468551127E-005
3.225582423173019E-005
3.048933918252660E-005
2.715978312797397E-005
2.235990688737386E-005
1.711981244829174E-005
1.272452795458265E-005
9.682612314561598E-006
7.796220770373211E-006
6.678519600939346E-006
6.019632105534386E-006
5.623945228144871E-006
5.378383392190394E-006
5.219361206435122E-006
5.111127246060340E-006
5.033323600211544E-006
4.974142130772941E-006
4.926590496470696E-006
4.886439438529447E-006
4.851077350005619E-006
4.818859340796235E-006
4.788730023967537E-006
4.760000567010792E-006
4.732214343270633E-006
4.705064444308942E-006
4.678342117877862E-006
4.651903981750493E-006
4.625650835118569E-006
4.599513752511527E-006
4.573444822914737E-006
4.547410896359657E-006
4.521389305451666E-006
4.495364901380888E-006
4.469327976106229E-006
4.443272789286302E-006
4.417196512720283E-006
4.391098466236941E-006
4.364979559190387E-006
4.338841878473275E-006
4.312688381951463E-006
4.286522668454811E-006
4.260348803857502E-006
4.234171188604737E-006
4.207994456118037E-006
4.181823394389115E-006
4.155662885121490E-006
4.129517856250360E-006
4.103393244735917E-006
4.077293967301577E-006
4.051224897358645E-006
4.025190846780526E-006
3.999196551503519E-006
3.973246660166348E-006
3.947345725178013E-006
3.921498195738021E-006
3.895708412435745E-006
3.869980603134385E-006
3.844318879905890E-006
3.818727236830233E-006
3.793209548509264E-006
3.767769569174206E-006
3.742410932288525E-006
3.717137150565890E-006
3.691951616337290E-006
3.666857602212712E-006
3.641858261992085E-006
3.616956631787533E-006
3.592155631325030E-006
3.567458065398438E-006
3.542866625452955E-006
3.518383891278295E-006
3.494012332794648E-006
3.469754311916782E-006
3.445612084483537E-006
3.421587802241564E-006
3.397683514873530E-006
3.373901172062160E-006
3.350242625582472E-006
3.326709631415428E-006
3.303303851876940E-006
3.280026857756813E-006
3.256880130462776E-006
3.233865064165252E-006
3.210982967938931E-006
3.188235067897618E-006
3.165622509319164E-006
3.143146358757604E-006
3.120807606139926E-006
3.098607166845079E-006
3.076545883763182E-006
3.054624529332966E-006
3.032843807555791E-006
3.011204355984688E-006
2.989706747687058E-006
2.968351493179828E-006
2.947139042335978E-006
2.926069786261476E-006
2.905144059141832E-006
2.884362140057509E-006
2.863724254767595E-006
2.843230577461227E-006
2.822881232476307E-006
2.802676295985187E-006
2.782615797647025E-006
2.762699722226630E-006
2.742928011179655E-006
2.723300564204053E-006
2.703817240757781E-006
2.684477861542804E-006
2.665282209955455E-006
2.646230033503301E-006
2.627321045188666E-006
2.608554924859056E-006
2.589931320524666E-006
2.571449849643319E-006
2.553110100373086E-006
2.534911632792950E-006
2.516853980091855E-006
2.498936649726544E-006
2.481159124548549E-006
2.463520863900781E-006
2.446021304684154E-006
2.428659862394666E-006
2.411435932131427E-006
2.394348889576094E-006
2.377398091944188E-006
2.360582878908801E-006
2.343902573497178E-006
2.327356482960672E-006
2.310943899618591E-006
2.294664101676450E-006
2.278516354019121E-006
2.262499908979414E-006
2.246614007082597E-006
2.230857877767366E-006
2.215230740083792E-006
2.199731803368733E-006
2.184360267899243E-006
2.169115325524470E-006
2.153996160276558E-006
2.139001948961028E-006
2.124131861727169E-006
2.109385062618880E-006
2.094760710106506E-006
2.080257957600075E-006
2.065875953944476E-006
2.051613843896997E-006
2.037470768587703E-006
2.023445865963097E-006
2.009538271213521E-006
1.995747117184712E-006
1.982071534773976E-006
1.968510653311372E-006
1.955063600926340E-006
1.941729504900182E-006
1.928507492004778E-006
1.915396688827957E-006
1.902396222085877E-006
1.889505218922822E-006
1.876722807198761E-006
1.864048115765044E-006
1.851480274728577E-006
1.839018415704844E-006
1.826661672060083E-006
1.814409179142972E-006
1.802260074506136E-006
1.790213498117792E-006
1.778268592563847E-006
1.766424503240734E-006
1.754680378539289E-006
1.743035370019970E-006
1.731488632579659E-006
1.720039324610358E-006
1.708686608150010E-006
1.697429649025740E-006
1.686267616989734E-006
1.675199685848009E-006
1.664225033582332E-006
1.653342842465489E-006
1.642552299170159E-006
1.631852594871583E-006
1.621242925344273E-006
1.610722491052936E-006
1.600290497237840E-006
1.589946153994811E-006
1.579688676350037E-006
1.569517284329884E-006
1.559431203025898E-006
1.549429662655153E-006
1.539511898616137E-006
1.529677151540313E-006
1.519924667339576E-006
1.510253697249629E-006
1.500663497869601E-006
1.491153331197917E-006
1.481722464664631E-006
1.472370171160299E-006
1.463095729061634E-006
1.453898422253929E-006
1.444777540150477E-006
1.435732377709075E-006
1.426762235445718E-006
1.417866419445615E-006
1.409044241371630E-006
1.400295018470244E-006
1.391618073575155E-006
1.383012735108599E-006
1.374478337080544E-006
1.366014219085715E-006
1.357619726298716E-006
1.349294209467207E-006
1.341037024903273E-006
1.332847534473044E-006
1.324725105584680E-006
1.316669111174739E-006
1.308678929693071E-006
1.300753945086247E-006
1.292893546779626E-006
1.285097129658120E-006
1.277364094045719E-006
1.269693845683831E-006
1.262085795708505E-006
1.254539360626595E-006
1.247053962290915E-006
1.239629027874435E-006
1.232263989843591E-006
1.224958285930718E-006
1.217711359105705E-006
1.210522657546872E-006
1.203391634611142E-006
1.196317748803543E-006
1.189300463746073E-006
1.182339248145988E-006
1.175433575763519E-006
1.168582925379097E-006
1.161786780760080E-006
1.155044630627043E-006
1.148355968619659E-006
1.141720293262189E-006
1.135137107928632E-006
1.128605920807548E-006
1.122126244866587E-006
1.115697597816757E-006
1.109319502076358E-006
1.102991484735239E-006
1.096713077517519E-006
1.090483816745931E-006
1.084303243304679E-006
1.078170902602701E-006
1.072086344536742E-006
1.066049123454334E-006
1.060058798116720E-006
1.054114931661715E-006
1.048217091566546E-006
1.042364849610663E-006
1.036557781838561E-006
1.030795468522609E-006
1.025077494125908E-006
1.019403447265193E-006
1.013772920673787E-006
1.008185511164619E-006
1.002640819593336E-006
9.971384508214774E-007
9.916780136797828E-007
9.862591209315829E-007
9.808813892363287E-007
9.755444391132419E-007
9.702478949051076E-007
9.649913847422134E-007
9.597745405064409E-007
9.545969977955255E-007
9.494583958874758E-007
9.443583777051816E-007
9.392965897811929E-007
9.342726822226942E-007
9.292863086766718E-007
9.243371262952759E-007
9.194247957013948E-007
9.145489809544328E-007
9.097093495163008E-007
9.049055722176278E-007
9.001373232241930E-007
8.954042800035797E-007
8.907061232920615E-007
8.860425370617184E-007
8.814132084877836E-007
8.768178279162352E-007
8.722560888316160E-007
8.677276878251049E-007
8.632323245628255E-007
8.587697017544025E-007
8.543395251217630E-007
8.499415033681884E-007
8.455753481476125E-007
8.412407740341249E-007
8.369374984920216E-007
8.326652418453601E-007
8.284237272487684E-007
8.242126806577551E-007
8.200318307995758E-007
8.158809091443042E-007
8.117596498761564E-007
8.076677898650688E-007
8.036050686385335E-007
7.995712283536874E-007
7.955660137696530E-007
7.915891722201364E-007
7.876404535862758E-007
7.837196102697458E-007
7.798263971661113E-007
7.759605716384344E-007
7.721218934911348E-007
7.683101249440917E-007
7.645250306070063E-007
7.607663774540045E-007
7.570339347984896E-007
7.533274742682401E-007
7.496467697807553E-007
7.459915975188403E-007
7.423617359064381E-007
7.387569655846994E-007
7.351770693882947E-007
7.316218323219667E-007
7.280910415373142E-007
7.245844863098181E-007
7.211019580160985E-007
7.176432501114063E-007
7.142081581073448E-007
7.107964795498237E-007
7.074080139972360E-007
7.040425629988711E-007
7.006999300735409E-007
6.973799206884415E-007
6.940823422382272E-007
6.908070040243109E-007
6.875537172343791E-007
6.843222949221261E-007
6.811125519872008E-007
6.779243051553705E-007
6.747573729588929E-007
6.716115757170999E-007
6.684867355171870E-007
6.653826761952123E-007
6.622992233172992E-007
6.592362041610396E-007
6.561934476971008E-007
6.531707845710302E-007
6.501680470852576E-007
6.471850691812942E-007
6.442216864221241E-007
6.412777359747880E-007
6.383530565931596E-007
6.354474886009064E-007
6.325608738746410E-007
6.296930558272546E-007
6.268438793914377E-007
6.240131910033753E-007
6.212008385866312E-007
6.184066715362009E-007
6.156305407027473E-007
6.128722983770075E-007
6.101317982743735E-007
6.074088955196437E-007
6.047034466319442E-007
6.020153095098167E-007
5.993443434164722E-007
5.966904089652091E-007
5.940533681049953E-007
5.914330841062091E-007
5.888294215465392E-007
5.862422462970435E-007
5.836714255083634E-007
5.811168275970910E-007
5.785783222322900E-007
5.760557803221677E-007
5.735490740008962E-007
5.710580766155802E-007
5.685826627133719E-007
5.661227080287317E-007
5.636780894708286E-007
5.612486851110868E-007
5.588343741708660E-007
5.564350370092876E-007
5.540505551111909E-007
5.516808110752290E-007
5.493256886020978E-007
5.469850724828957E-007
5.446588485876169E-007
5.423469038537695E-007
5.400491262751354E-007
5.377654048906322E-007
5.354956297733245E-007
5.332396920195469E-007
5.309974837381515E-007
5.287688980398779E-007
5.265538290268412E-007
5.243521717821400E-007
5.221638223595811E-007
5.199886777735186E-007
5.178266359888092E-007
5.156775959108793E-007
5.135414573759058E-007
5.114181211411051E-007
5.093074888751328E-007
5.072094631485931E-007
5.051239474246506E-007
5.030508460497523E-007
5.009900642444515E-007
4.989415080943359E-007
4.969050845410566E-007
4.948807013734610E-007
4.928682672188209E-007
4.908676915341625E-007
4.888788845976928E-007
4.869017575003227E-007
4.849362221372845E-007
4.829821911998438E-007
4.810395781671057E-007
4.791082972979103E-007
4.771882636228214E-007
4.752793929362045E-007
4.733816017883928E-007
4.714948074779415E-007
4.696189280439683E-007
4.677538822585808E-007
4.658995896193880E-007
4.640559703420943E-007
4.622229453531785E-007
4.604004362826527E-007
4.585883654569034E-007
4.567866558916115E-007
4.549952312847515E-007
4.532140160096690E-007
4.514429351082366E-007
4.496819142840819E-007
4.479308798958959E-007
4.461897589508125E-007
4.444584790978638E-007
4.427369686215049E-007
4.410251564352151E-007
4.393229720751656E-007
4.376303456939609E-007
4.359472080544475E-007
4.342734905235920E-007
4.326091250664269E-007
4.309540442400636E-007
4.293081811877707E-007
4.276714696331189E-007
4.260438438741891E-007
4.244252387778460E-007
4.228155897740743E-007
4.212148328503765E-007
4.196229045462328E-007
4.180397419476232E-007
4.164652826816077E-007
4.148994649109677E-007
4.133422273289050E-007
4.117935091538009E-007
4.102532501240302E-007
4.087213904928334E-007
4.071978710232453E-007
4.056826329830784E-007
4.041756181399623E-007
4.026767687564343E-007
4.011860275850882E-007
3.997033378637711E-007
3.982286433108363E-007
3.967618881204457E-007
3.953030169579252E-007
3.938519749551674E-007
3.924087077060885E-007
3.909731612621304E-007
3.895452821278150E-007
3.881250172563444E-007
3.867123140452463E-007
3.853071203320766E-007
3.839093843901549E-007
3.825190549243564E-007
3.811360810669431E-007
3.797604123734439E-007
3.783919988185759E-007
3.770307907922122E-007
3.756767390953913E-007
3.743297949363703E-007
3.729899099267197E-007
3.716570360774614E-007
3.703311257952455E-007
3.690121318785717E-007
3.677000075140475E-007
3.663947062726903E-007
3.650961821062599E-007
3.638043893436478E-007
3.625192826872856E-007
3.612408172096042E-007
3.599689483495207E-007
3.587036319089767E-007
3.574448240494993E-007
3.561924812888066E-007
3.549465604974461E-007
3.537070188954700E-007
3.524738140491452E-007
3.512469038676973E-007
3.500262466000909E-007
3.488118008318417E-007
3.476035254818635E-007
3.464013797993480E-007
3.452053233606777E-007
3.440153160663704E-007
3.428313181380576E-007
3.416532901154925E-007
3.404811928535872E-007
3.393149875194908E-007
3.381546355896851E-007
3.370000988471194E-007
3.358513393783720E-007
3.347083195708413E-007
3.335710021099666E-007
3.324393499764785E-007
3.313133264436770E-007
3.301928950747382E-007
3.290780197200475E-007
3.279686645145638E-007
3.268647938752075E-007
3.257663724982774E-007
3.246733653568939E-007
3.235857376984681E-007
3.225034550421984E-007
3.214264831765906E-007
3.203547881570060E-007
3.192883363032324E-007
3.182270941970825E-007
3.171710286800144E-007
3.161201068507786E-007
3.150742960630876E-007
3.140335639233098E-007
3.129978782881882E-007
3.119672072625800E-007
3.109415191972209E-007
3.099207826865125E-007
3.089049665663304E-007
3.078940399118567E-007
3.068879720354326E-007
3.058867324844343E-007
3.048902910391702E-007
3.038986177107974E-007
3.029116827392627E-007
3.019294565912618E-007
3.009519099582193E-007
2.999790137542907E-007
2.990107391143830E-007
2.980470573921954E-007
2.970879401582800E-007
2.961333591981225E-007
2.951832865102412E-007
2.942376943043051E-007
2.932965549992715E-007
2.923598412215422E-007
2.914275258031372E-007
2.904995817798873E-007
2.895759823896451E-007
2.886567010705125E-007
2.877417114590877E-007
2.868309873887280E-007
2.859245028878300E-007
2.850222321781281E-007
2.841241496730084E-007
2.832302299758403E-007
2.823404478783239E-007
2.814547783588546E-007
2.805731965809015E-007
2.796956778914062E-007
2.788221978191922E-007
2.779527320733938E-007
2.770872565418982E-007
2.762257472898047E-007
2.753681805578968E-007
2.745145327611312E-007
2.736647804871410E-007
2.728189004947525E-007
2.719768697125181E-007
2.711386652372622E-007
2.703042643326424E-007
2.694736444277231E-007
2.686467831155652E-007
2.678236581518268E-007
2.670042474533799E-007
2.661885290969394E-007
2.653764813177044E-007
2.645680825080153E-007
2.637633112160208E-007
2.629621461443600E-007
2.621645661488559E-007
2.613705502372222E-007
2.605800775677826E-007
2.597931274482013E-007
2.590096793342269E-007
2.582297128284477E-007
2.574532076790595E-007
2.566801437786445E-007
2.559105011629618E-007
2.551442600097502E-007
2.543814006375421E-007
2.536219035044880E-007
2.528657492071934E-007
2.521129184795656E-007
2.513633921916722E-007
2.506171513486096E-007
2.498741770893843E-007
2.491344506858009E-007
2.483979535413653E-007
2.476646671901945E-007
2.469345732959380E-007
2.462076536507103E-007
2.454838901740321E-007
2.447632649117822E-007
2.440457600351582E-007
2.433313578396486E-007
2.426200407440134E-007
2.419117912892742E-007
2.412065921377142E-007
2.405044260718875E-007
2.398052759936371E-007
2.391091249231228E-007
2.384159559978581E-007
2.377257524717544E-007
2.370384977141773E-007
2.363541752090079E-007
2.356727685537166E-007
2.349942614584412E-007
2.343186377450782E-007
2.336458813463787E-007
2.329759763050548E-007
2.323089067728926E-007
2.316446570098762E-007
2.309832113833151E-007
2.303245543669849E-007
2.296686705402718E-007
2.290155445873275E-007
2.283651612962296E-007
2.277175055581523E-007
2.270725623665426E-007
2.264303168163044E-007
2.257907541029914E-007
2.251538595220047E-007
2.245196184678010E-007
2.238880164331052E-007
2.232590390081313E-007
2.226326718798110E-007
2.220089008310280E-007
2.213877117398599E-007
2.207690905788268E-007
2.201530234141474E-007
2.195394964050002E-007
2.189284958027933E-007
2.183200079504389E-007
2.177140192816355E-007
2.171105163201568E-007
2.165094856791462E-007
2.159109140604171E-007
2.153147882537613E-007
2.147210951362621E-007
2.141298216716135E-007
2.135409549094471E-007
2.129544819846621E-007
2.123703901167647E-007
2.117886666092111E-007
2.112092988487559E-007
2.106322743048091E-007
2.100575805287953E-007
2.094852051535215E-007
2.089151358925486E-007
2.083473605395692E-007
2.077818669677911E-007
2.072186431293256E-007
2.066576770545815E-007
2.060989568516653E-007
2.055424707057844E-007
2.049882068786579E-007
2.044361537079319E-007
2.038862996065992E-007
2.033386330624244E-007
2.027931426373746E-007
2.022498169670541E-007
2.017086447601456E-007
2.011696147978539E-007
2.006327159333570E-007
2.000979370912600E-007
1.995652672670548E-007
1.990346955265845E-007
1.985062110055113E-007
1.979798029087908E-007
1.974554605101494E-007
1.969331731515667E-007
1.964129302427627E-007
1.958947212606887E-007
1.953785357490236E-007
1.948643633176730E-007
1.943521936422746E-007
1.938420164637058E-007
1.933338215875975E-007
1.928275988838504E-007
1.923233382861558E-007
1.918210297915217E-007
1.913206634598022E-007
1.908222294132292E-007
1.903257178359514E-007
1.898311189735744E-007
1.893384231327067E-007
1.888476206805075E-007
1.883587020442409E-007
1.878716577108313E-007
1.873864782264244E-007
1.869031541959511E-007
1.864216762826950E-007
1.859420352078643E-007
1.854642217501666E-007
1.849882267453872E-007
1.845140410859717E-007
1.840416557206114E-007
1.835710616538324E-007
1.831022499455884E-007
1.826352117108566E-007
1.821699381192369E-007
1.817064203945550E-007
1.812446498144682E-007
1.807846177100746E-007
1.803263154655263E-007
1.798697345176446E-007
1.794148663555393E-007
1.789617025202306E-007
1.785102346042751E-007
1.780604542513936E-007
1.776123531561027E-007
1.771659230633498E-007
1.767211557681501E-007
1.762780431152275E-007
1.758365769986585E-007
1.753967493615176E-007
1.749585521955280E-007
1.745219775407131E-007
1.740870174850517E-007
1.736536641641362E-007
1.732219097608331E-007
1.727917465049470E-007
1.723631666728865E-007
1.719361625873332E-007
1.715107266169137E-007
1.710868511758740E-007
1.706645287237567E-007
1.702437517650797E-007
1.698245128490203E-007
1.694068045690985E-007
1.689906195628651E-007
1.685759505115917E-007
1.681627901399630E-007
1.677511312157720E-007
1.673409665496173E-007
1.669322889946028E-007
1.665250914460405E-007
1.661193668411548E-007
1.657151081587898E-007
1.653123084191187E-007
1.649109606833551E-007
1.645110580534682E-007
1.641125936718980E-007
1.637155607212745E-007
1.633199524241390E-007
1.629257620426662E-007
1.625329828783904E-007
1.621416082719329E-007
1.617516316027315E-007
1.613630462887725E-007
1.609758457863243E-007
1.605900235896743E-007
1.602055732308664E-007
1.598224882794416E-007
1.594407623421803E-007
1.590603890628466E-007
1.586813621219345E-007
1.583036752364170E-007
1.579273221594952E-007
1.575522966803526E-007
1.571785926239071E-007
1.568062038505690E-007
1.564351242559984E-007
1.560653477708653E-007
1.556968683606116E-007
1.553296800252151E-007
1.549637767989544E-007
1.545991527501774E-007
1.542358019810696E-007
1.538737186274262E-007
1.535128968584239E-007
1.531533308763963E-007
1.527950149166102E-007
1.524379432470432E-007
1.520821101681643E-007
1.517275100127149E-007
1.513741371454923E-007
1.510219859631346E-007
1.506710508939072E-007
1.503213263974910E-007
1.499728069647727E-007
1.496254871176356E-007
1.492793614087534E-007
1.489344244213844E-007
1.485906707691678E-007
1.482480950959218E-007
1.479066920754431E-007
1.475664564113072E-007
1.472273828366711E-007
1.468894661140780E-007
1.465527010352616E-007
1.462170824209536E-007
1.458826051206923E-007
1.455492640126321E-007
1.452170540033551E-007
1.448859700276834E-007
1.445560070484940E-007
1.442271600565337E-007
1.438994240702364E-007
1.435727941355418E-007
1.432472653257141E-007
1.429228327411643E-007
1.425994915092718E-007
1.422772367842090E-007
1.419560637467653E-007
1.416359676041746E-007
1.413169435899427E-007
1.409989869636759E-007
1.406820930109121E-007
1.403662570429517E-007
1.400514743966910E-007
1.397377404344555E-007
1.394250505438366E-007
1.391134001375269E-007
1.388027846531583E-007
1.384931995531416E-007
1.381846403245060E-007
1.378771024787409E-007
1.375705815516383E-007
1.372650731031367E-007
1.369605727171656E-007
1.366570760014922E-007
1.363545785875681E-007
1.360530761303775E-007
1.357525643082875E-007
1.354530388228973E-007
1.351544953988913E-007
1.348569297838907E-007
1.345603377483080E-007
1.342647150852016E-007
1.339700576101319E-007
1.336763611610184E-007
1.333836215979975E-007
1.330918348032821E-007
1.328009966810211E-007
1.325111031571613E-007
1.322221501793089E-007
1.319341337165933E-007
1.316470497595307E-007
1.313608943198898E-007
1.310756634305578E-007
1.307913531454073E-007
1.305079595391647E-007
1.302254787072791E-007
1.299439067657925E-007
1.296632398512104E-007
1.293834741203740E-007
1.291046057503327E-007
1.288266309382184E-007
1.285495459011193E-007
1.282733468759564E-007
1.279980301193589E-007
1.277235919075424E-007
1.274500285361869E-007
1.271773363203153E-007
1.269055115941741E-007
1.266345507111141E-007
1.263644500434715E-007
1.260952059824510E-007
1.258268149380090E-007
1.255592733387376E-007
1.252925776317498E-007
1.250267242825653E-007
1.247617097749972E-007
1.244975306110391E-007
1.242341833107539E-007
1.239716644121625E-007
1.237099704711336E-007
1.234490980612744E-007
1.231890437738221E-007
1.229298042175360E-007
1.226713760185902E-007
1.224137558204674E-007
1.221569402838537E-007
1.219009260865329E-007
1.216457099232833E-007
1.213912885057740E-007
1.211376585624620E-007
1.208848168384907E-007
1.206327600955883E-007
1.203814851119679E-007
1.201309886822270E-007
1.198812676172488E-007
1.196323187441038E-007
1.193841389059521E-007
1.191367249619463E-007
1.188900737871350E-007
1.186441822723674E-007
1.183990473241983E-007
1.181546658647934E-007
1.179110348318357E-007
1.176681511784330E-007
1.174260118730247E-007
1.171846138992904E-007
1.169439542560589E-007
1.167040299572175E-007
1.164648380316221E-007
1.162263755230083E-007
1.159886394899021E-007
1.157516270055325E-007
1.155153351577438E-007
1.152797610489089E-007
1.150449017958428E-007
1.148107545297172E-007
1.145773163959757E-007
1.143445845542485E-007
1.141125561782695E-007
1.138812284557924E-007
1.136505985885080E-007
1.134206637919622E-007
1.131914212954744E-007
1.129628683420561E-007
1.127350021883309E-007
1.125078201044539E-007
1.122813193740330E-007
1.120554972940494E-007
1.118303511747796E-007
1.116058783397176E-007
1.113820761254973E-007
1.111589418818160E-007
1.109364729713582E-007
1.107146667697195E-007
1.104935206653320E-007
1.102730320593888E-007
1.100531983657705E-007
1.098340170109710E-007
1.096154854340248E-007
1.093976010864335E-007
1.091803614320943E-007
1.089637639472277E-007
1.087478061203067E-007
1.085324854519859E-007
1.083177994550306E-007
1.081037456542478E-007
1.078903215864162E-007
1.076775248002177E-007
1.074653528561685E-007
1.072538033265513E-007
1.070428737953479E-007
1.068325618581720E-007
1.066228651222022E-007
1.064137812061163E-007
1.062053077400251E-007
1.059974423654074E-007
1.057901827350447E-007
1.055835265129572E-007
1.053774713743390E-007
1.051720150054954E-007
1.049671551037789E-007
1.047628893775269E-007
1.045592155459989E-007
1.043561313393148E-007
1.041536344983934E-007
1.039517227748908E-007
1.037503939311402E-007
1.035496457400909E-007
1.033494759852490E-007
1.031498824606174E-007
1.029508629706366E-007
1.027524153301261E-007
1.025545373642255E-007
1.023572269083376E-007
1.021604818080691E-007
1.019642999191746E-007
1.017686791074992E-007
